(kicad_pcb (version 20171130) (host pcbnew 5.0.0-fee4fd1~66~ubuntu16.04.1)

  (general
    (thickness 1.6)
    (drawings 9)
    (tracks 86)
    (zones 0)
    (modules 16)
    (nets 17)
  )

  (page A4)
  (layers
    (0 F.Cu mixed)
    (31 B.Cu mixed)
    (32 B.Adhes user)
    (33 F.Adhes user)
    (34 B.Paste user)
    (35 F.Paste user)
    (36 B.SilkS user)
    (37 F.SilkS user)
    (38 B.Mask user)
    (39 F.Mask user)
    (40 Dwgs.User user)
    (41 Cmts.User user)
    (42 Eco1.User user)
    (43 Eco2.User user)
    (44 Edge.Cuts user)
    (45 Margin user)
    (46 B.CrtYd user)
    (47 F.CrtYd user)
    (48 B.Fab user)
    (49 F.Fab user)
  )

  (setup
    (last_trace_width 0.25)
    (user_trace_width 0.8)
    (user_trace_width 1)
    (user_trace_width 1.2)
    (trace_clearance 0.25)
    (zone_clearance 0.508)
    (zone_45_only no)
    (trace_min 0.2)
    (segment_width 0.2)
    (edge_width 0.1)
    (via_size 1)
    (via_drill 0.5)
    (via_min_size 0.4)
    (via_min_drill 0.3)
    (user_via 1.4 0.7)
    (uvia_size 0.3)
    (uvia_drill 0.1)
    (uvias_allowed no)
    (uvia_min_size 0.2)
    (uvia_min_drill 0.1)
    (pcb_text_width 0.3)
    (pcb_text_size 1.5 1.5)
    (mod_edge_width 0.15)
    (mod_text_size 1 1)
    (mod_text_width 0.15)
    (pad_size 1.5 1.5)
    (pad_drill 0.6)
    (pad_to_mask_clearance 0.2)
    (solder_mask_min_width 0.25)
    (aux_axis_origin 163 81)
    (grid_origin 163 81)
    (visible_elements FFFDFF7F)
    (pcbplotparams
      (layerselection 0x311fc_ffffffff)
      (usegerberextensions false)
      (usegerberattributes false)
      (usegerberadvancedattributes false)
      (creategerberjobfile true)
      (excludeedgelayer false)
      (linewidth 0.100000)
      (plotframeref false)
      (viasonmask false)
      (mode 1)
      (useauxorigin false)
      (hpglpennumber 1)
      (hpglpenspeed 20)
      (hpglpendiameter 15.000000)
      (psnegative false)
      (psa4output false)
      (plotreference true)
      (plotvalue true)
      (plotinvisibletext false)
      (padsonsilk false)
      (subtractmaskfromsilk false)
      (outputformat 1)
      (mirror false)
      (drillshape 0)
      (scaleselection 1)
      (outputdirectory ""))
  )

  (net 0 "")
  (net 1 "Net-(D1-Pad2)")
  (net 2 GND)
  (net 3 +5V)
  (net 4 "/MMA 7361 Module/Og-Detect")
  (net 5 "/MMA 7361 Module/g-Select")
  (net 6 "/MMA 7361 Module/Sleep")
  (net 7 "Net-(J1-Pad1)")
  (net 8 "Net-(C1-Pad2)")
  (net 9 "Net-(C3-Pad2)")
  (net 10 "Net-(C5-Pad2)")
  (net 11 VCC)
  (net 12 "/MMA 7361 Module/SelfTest")
  (net 13 "Net-(U2-Pad1)")
  (net 14 "Net-(U2-Pad8)")
  (net 15 "Net-(U2-Pad11)")
  (net 16 "Net-(U2-Pad12)")

  (net_class Default "This is the default net class."
    (clearance 0.25)
    (trace_width 0.25)
    (via_dia 1)
    (via_drill 0.5)
    (uvia_dia 0.3)
    (uvia_drill 0.1)
    (diff_pair_gap 0.25)
    (diff_pair_width 0.25)
    (add_net +5V)
    (add_net "/MMA 7361 Module/Og-Detect")
    (add_net "/MMA 7361 Module/SelfTest")
    (add_net "/MMA 7361 Module/Sleep")
    (add_net "/MMA 7361 Module/g-Select")
    (add_net GND)
    (add_net "Net-(C1-Pad2)")
    (add_net "Net-(C3-Pad2)")
    (add_net "Net-(C5-Pad2)")
    (add_net "Net-(D1-Pad2)")
    (add_net "Net-(J1-Pad1)")
    (add_net "Net-(U2-Pad1)")
    (add_net "Net-(U2-Pad11)")
    (add_net "Net-(U2-Pad12)")
    (add_net "Net-(U2-Pad8)")
    (add_net VCC)
  )

  (module Fiducial:Fiducial_0.5mm_Dia_1mm_Outer (layer F.Cu) (tedit 59FE02FD) (tstamp 5BEF243A)
    (at 144 81)
    (descr "Circular Fiducial, 0.5mm bare copper top; 1mm keepout (Level C)")
    (tags marker)
    (path /5BC12037/5BDB69CF)
    (attr virtual)
    (fp_text reference F3 (at 0 -1.5) (layer F.SilkS)
      (effects (font (size 1 1) (thickness 0.15)))
    )
    (fp_text value Fiducial (at 0 1.5) (layer F.Fab)
      (effects (font (size 1 1) (thickness 0.15)))
    )
    (fp_circle (center 0 0) (end 0.5 0) (layer F.Fab) (width 0.1))
    (fp_text user %R (at 0 0) (layer F.Fab)
      (effects (font (size 0.2 0.2) (thickness 0.04)))
    )
    (fp_circle (center 0 0) (end 0.75 0) (layer F.CrtYd) (width 0.05))
    (pad ~ smd circle (at 0 0) (size 0.5 0.5) (layers F.Cu F.Mask)
      (solder_mask_margin 0.25) (clearance 0.25))
  )

  (module Fiducial:Fiducial_0.5mm_Dia_1mm_Outer (layer F.Cu) (tedit 59FE02FD) (tstamp 5BEF2432)
    (at 163 81)
    (descr "Circular Fiducial, 0.5mm bare copper top; 1mm keepout (Level C)")
    (tags marker)
    (path /5BC12037/5BDB6900)
    (attr virtual)
    (fp_text reference F2 (at 0 -1.5) (layer F.SilkS)
      (effects (font (size 1 1) (thickness 0.15)))
    )
    (fp_text value Fiducial (at 0 1.5) (layer F.Fab)
      (effects (font (size 1 1) (thickness 0.15)))
    )
    (fp_circle (center 0 0) (end 0.75 0) (layer F.CrtYd) (width 0.05))
    (fp_text user %R (at 0 0) (layer F.Fab)
      (effects (font (size 0.2 0.2) (thickness 0.04)))
    )
    (fp_circle (center 0 0) (end 0.5 0) (layer F.Fab) (width 0.1))
    (pad ~ smd circle (at 0 0) (size 0.5 0.5) (layers F.Cu F.Mask)
      (solder_mask_margin 0.25) (clearance 0.25))
  )

  (module Fiducial:Fiducial_0.5mm_Dia_1mm_Outer (layer F.Cu) (tedit 59FE02FD) (tstamp 5BEF242A)
    (at 144 97)
    (descr "Circular Fiducial, 0.5mm bare copper top; 1mm keepout (Level C)")
    (tags marker)
    (path /5BC12037/5BDB6852)
    (attr virtual)
    (fp_text reference F1 (at 0 -1.5) (layer F.SilkS)
      (effects (font (size 1 1) (thickness 0.15)))
    )
    (fp_text value Fiducial (at 0 1.5) (layer F.Fab)
      (effects (font (size 1 1) (thickness 0.15)))
    )
    (fp_circle (center 0 0) (end 0.5 0) (layer F.Fab) (width 0.1))
    (fp_text user %R (at 0 0) (layer F.Fab)
      (effects (font (size 0.2 0.2) (thickness 0.04)))
    )
    (fp_circle (center 0 0) (end 0.75 0) (layer F.CrtYd) (width 0.05))
    (pad ~ smd circle (at 0 0) (size 0.5 0.5) (layers F.Cu F.Mask)
      (solder_mask_margin 0.25) (clearance 0.25))
  )

  (module MMA7260Q:QFN-16 (layer F.Cu) (tedit 0) (tstamp 5BD40083)
    (at 153.162 91.694)
    (descr "16 LEAD QFN CASE 1622-01<br>E.g. MMA7260Q")
    (path /5BC12037/5BCB38D8)
    (attr smd)
    (fp_text reference U2 (at -3.81 0) (layer F.SilkS)
      (effects (font (size 0.801591 0.801591) (thickness 0.05)))
    )
    (fp_text value MMA7361L (at -0.2 -3.8) (layer F.SilkS)
      (effects (font (size 0.800764 0.800764) (thickness 0.05)))
    )
    (fp_line (start -3 -3) (end 3 -3) (layer Dwgs.User) (width 0.127))
    (fp_line (start 3 -3) (end 3 3) (layer Dwgs.User) (width 0.127))
    (fp_line (start 3 3) (end -3 3) (layer Dwgs.User) (width 0.127))
    (fp_line (start -3 3) (end -3 -3) (layer Dwgs.User) (width 0.127))
    (fp_line (start -2.5 -3) (end -3 -3) (layer F.SilkS) (width 0.127))
    (fp_line (start -3 -3) (end -3 -2.5) (layer F.SilkS) (width 0.127))
    (fp_line (start 2.5 -3) (end 3 -3) (layer F.SilkS) (width 0.127))
    (fp_line (start 3 -3) (end 3 -2.5) (layer F.SilkS) (width 0.127))
    (fp_line (start -3 2.5) (end -3 3) (layer F.SilkS) (width 0.127))
    (fp_line (start -3 3) (end -2.5 3) (layer F.SilkS) (width 0.127))
    (fp_line (start 2.5 3) (end 3 3) (layer F.SilkS) (width 0.127))
    (fp_line (start 3 3) (end 3 2.5) (layer F.SilkS) (width 0.127))
    (fp_circle (center -3.7 3.5) (end -3.2877 3.5) (layer F.SilkS) (width 0.1))
    (pad P1 smd rect (at 0 0) (size 4.25 4.25) (layers F.Cu F.Paste F.Mask))
    (pad 1 smd rect (at -1.5 2.75) (size 0.5 0.55) (layers F.Cu F.Paste F.Mask)
      (net 13 "Net-(U2-Pad1)"))
    (pad 2 smd rect (at -0.5 2.75) (size 0.5 0.55) (layers F.Cu F.Paste F.Mask)
      (net 9 "Net-(C3-Pad2)"))
    (pad 3 smd rect (at 0.5 2.75) (size 0.5 0.55) (layers F.Cu F.Paste F.Mask)
      (net 10 "Net-(C5-Pad2)"))
    (pad 4 smd rect (at 1.5 2.75) (size 0.5 0.55) (layers F.Cu F.Paste F.Mask)
      (net 8 "Net-(C1-Pad2)"))
    (pad 5 smd rect (at 2.75 1.5 90) (size 0.5 0.55) (layers F.Cu F.Paste F.Mask)
      (net 2 GND))
    (pad 6 smd rect (at 2.75 0.5 90) (size 0.5 0.55) (layers F.Cu F.Paste F.Mask)
      (net 11 VCC))
    (pad 7 smd rect (at 2.75 -0.5 90) (size 0.5 0.55) (layers F.Cu F.Paste F.Mask)
      (net 6 "/MMA 7361 Module/Sleep"))
    (pad 8 smd rect (at 2.75 -1.5 90) (size 0.5 0.55) (layers F.Cu F.Paste F.Mask)
      (net 14 "Net-(U2-Pad8)"))
    (pad 9 smd rect (at 1.5 -2.75 180) (size 0.5 0.55) (layers F.Cu F.Paste F.Mask)
      (net 4 "/MMA 7361 Module/Og-Detect"))
    (pad 10 smd rect (at 0.5 -2.75 180) (size 0.5 0.55) (layers F.Cu F.Paste F.Mask)
      (net 5 "/MMA 7361 Module/g-Select"))
    (pad 11 smd rect (at -0.5 -2.75 180) (size 0.5 0.55) (layers F.Cu F.Paste F.Mask)
      (net 15 "Net-(U2-Pad11)"))
    (pad 12 smd rect (at -1.5 -2.75 180) (size 0.5 0.55) (layers F.Cu F.Paste F.Mask)
      (net 16 "Net-(U2-Pad12)"))
    (pad 13 smd rect (at -2.75 -1.5 270) (size 0.5 0.55) (layers F.Cu F.Paste F.Mask)
      (net 12 "/MMA 7361 Module/SelfTest"))
    (pad 14 smd rect (at -2.75 -0.5 270) (size 0.5 0.55) (layers F.Cu F.Paste F.Mask))
    (pad 15 smd rect (at -2.75 0.5 270) (size 0.5 0.55) (layers F.Cu F.Paste F.Mask))
    (pad 16 smd rect (at -2.75 1.5 270) (size 0.5 0.55) (layers F.Cu F.Paste F.Mask))
  )

  (module Connector_PinHeader_1.00mm:PinHeader_1x05_P1.00mm_Vertical (layer F.Cu) (tedit 5BD53100) (tstamp 5BD3EA5B)
    (at 155.702 80.772 270)
    (descr "Through hole straight pin header, 1x05, 1.00mm pitch, single row")
    (tags "Through hole pin header THT 1x05 1.00mm single row")
    (path /5BC12037/5BC52AEF)
    (clearance 0.15)
    (fp_text reference J2 (at -0.1905 5.969) (layer F.SilkS)
      (effects (font (size 1 1) (thickness 0.15)))
    )
    (fp_text value Conn_01x05 (at 2.162 1.202) (layer F.Fab)
      (effects (font (size 1 1) (thickness 0.15)))
    )
    (fp_text user %R (at 0 2) (layer F.Fab)
      (effects (font (size 0.76 0.76) (thickness 0.114)))
    )
    (fp_line (start 1.15 -1) (end -1.15 -1) (layer F.CrtYd) (width 0.05))
    (fp_line (start 1.15 5) (end 1.15 -1) (layer F.CrtYd) (width 0.05))
    (fp_line (start -1.15 5) (end 1.15 5) (layer F.CrtYd) (width 0.05))
    (fp_line (start -1.15 -1) (end -1.15 5) (layer F.CrtYd) (width 0.05))
    (fp_line (start -0.695 -0.685) (end 0 -0.685) (layer F.SilkS) (width 0.12))
    (fp_line (start -0.695 0) (end -0.695 -0.685) (layer F.SilkS) (width 0.12))
    (fp_line (start 0.608276 0.685) (end 0.695 0.685) (layer F.SilkS) (width 0.12))
    (fp_line (start -0.695 0.685) (end -0.608276 0.685) (layer F.SilkS) (width 0.12))
    (fp_line (start 0.695 0.685) (end 0.695 4.56) (layer F.SilkS) (width 0.12))
    (fp_line (start -0.695 0.685) (end -0.695 4.56) (layer F.SilkS) (width 0.12))
    (fp_line (start 0.394493 4.56) (end 0.695 4.56) (layer F.SilkS) (width 0.12))
    (fp_line (start -0.695 4.56) (end -0.394493 4.56) (layer F.SilkS) (width 0.12))
    (fp_line (start -0.635 -0.1825) (end -0.3175 -0.5) (layer F.Fab) (width 0.1))
    (fp_line (start -0.635 4.5) (end -0.635 -0.1825) (layer F.Fab) (width 0.1))
    (fp_line (start 0.635 4.5) (end -0.635 4.5) (layer F.Fab) (width 0.1))
    (fp_line (start 0.635 -0.5) (end 0.635 4.5) (layer F.Fab) (width 0.1))
    (fp_line (start -0.3175 -0.5) (end 0.635 -0.5) (layer F.Fab) (width 0.1))
    (pad 5 thru_hole oval (at 0 4 270) (size 0.85 0.85) (drill 0.5) (layers *.Cu *.Mask)
      (net 4 "/MMA 7361 Module/Og-Detect"))
    (pad 4 thru_hole oval (at 0 3 270) (size 0.85 0.85) (drill 0.5) (layers *.Cu *.Mask)
      (net 6 "/MMA 7361 Module/Sleep"))
    (pad 3 thru_hole oval (at 0 2 270) (size 0.85 0.85) (drill 0.5) (layers *.Cu *.Mask)
      (net 2 GND))
    (pad 2 thru_hole oval (at 0 1 270) (size 0.85 0.85) (drill 0.5) (layers *.Cu *.Mask)
      (net 2 GND))
    (pad 1 thru_hole rect (at 0 0 270) (size 0.85 0.85) (drill 0.5) (layers *.Cu *.Mask)
      (net 2 GND))
    (model ${KISYS3DMOD}/Connector_PinHeader_1.00mm.3dshapes/PinHeader_1x05_P1.00mm_Vertical.wrl
      (at (xyz 0 0 0))
      (scale (xyz 1 1 1))
      (rotate (xyz 0 0 0))
    )
  )

  (module Connector_PinHeader_1.00mm:PinHeader_1x05_P1.00mm_Vertical (layer F.Cu) (tedit 59FED738) (tstamp 5BD3EB12)
    (at 147.32 93.472 180)
    (descr "Through hole straight pin header, 1x05, 1.00mm pitch, single row")
    (tags "Through hole pin header THT 1x05 1.00mm single row")
    (path /5BC12037/5BC514EF)
    (clearance 0.1)
    (fp_text reference J1 (at 2.032 2.54 270) (layer F.SilkS)
      (effects (font (size 1 1) (thickness 0.15)))
    )
    (fp_text value Conn_01x05 (at -1.8 2.7 270) (layer F.Fab)
      (effects (font (size 1 1) (thickness 0.15)))
    )
    (fp_line (start -0.3175 -0.5) (end 0.635 -0.5) (layer F.Fab) (width 0.1))
    (fp_line (start 0.635 -0.5) (end 0.635 4.5) (layer F.Fab) (width 0.1))
    (fp_line (start 0.635 4.5) (end -0.635 4.5) (layer F.Fab) (width 0.1))
    (fp_line (start -0.635 4.5) (end -0.635 -0.1825) (layer F.Fab) (width 0.1))
    (fp_line (start -0.635 -0.1825) (end -0.3175 -0.5) (layer F.Fab) (width 0.1))
    (fp_line (start -0.695 4.56) (end -0.394493 4.56) (layer F.SilkS) (width 0.12))
    (fp_line (start 0.394493 4.56) (end 0.695 4.56) (layer F.SilkS) (width 0.12))
    (fp_line (start -0.695 0.685) (end -0.695 4.56) (layer F.SilkS) (width 0.12))
    (fp_line (start 0.695 0.685) (end 0.695 4.56) (layer F.SilkS) (width 0.12))
    (fp_line (start -0.695 0.685) (end -0.608276 0.685) (layer F.SilkS) (width 0.12))
    (fp_line (start 0.608276 0.685) (end 0.695 0.685) (layer F.SilkS) (width 0.12))
    (fp_line (start -0.695 0) (end -0.695 -0.685) (layer F.SilkS) (width 0.12))
    (fp_line (start -0.695 -0.685) (end 0 -0.685) (layer F.SilkS) (width 0.12))
    (fp_line (start -1.15 -1) (end -1.15 5) (layer F.CrtYd) (width 0.05))
    (fp_line (start -1.15 5) (end 1.15 5) (layer F.CrtYd) (width 0.05))
    (fp_line (start 1.15 5) (end 1.15 -1) (layer F.CrtYd) (width 0.05))
    (fp_line (start 1.15 -1) (end -1.15 -1) (layer F.CrtYd) (width 0.05))
    (fp_text user %R (at 0 2 270) (layer F.Fab)
      (effects (font (size 0.76 0.76) (thickness 0.114)))
    )
    (pad 1 thru_hole rect (at 0 0 180) (size 0.85 0.85) (drill 0.5) (layers *.Cu *.Mask)
      (net 7 "Net-(J1-Pad1)"))
    (pad 2 thru_hole oval (at 0 1 180) (size 0.85 0.85) (drill 0.5) (layers *.Cu *.Mask)
      (net 11 VCC))
    (pad 3 thru_hole oval (at 0 2 180) (size 0.85 0.85) (drill 0.5) (layers *.Cu *.Mask)
      (net 2 GND))
    (pad 4 thru_hole oval (at 0 3 180) (size 0.85 0.85) (drill 0.5) (layers *.Cu *.Mask)
      (net 5 "/MMA 7361 Module/g-Select"))
    (pad 5 thru_hole oval (at 0 4 180) (size 0.85 0.85) (drill 0.5) (layers *.Cu *.Mask)
      (net 12 "/MMA 7361 Module/SelfTest"))
    (model ${KISYS3DMOD}/Connector_PinHeader_1.00mm.3dshapes/PinHeader_1x05_P1.00mm_Vertical.wrl
      (at (xyz 0 0 0))
      (scale (xyz 1 1 1))
      (rotate (xyz 0 0 0))
    )
  )

  (module Capacitor_SMD:C_0805_2012Metric_Pad1.15x1.40mm_HandSolder (layer F.Cu) (tedit 5B36C52B) (tstamp 5BD3EB97)
    (at 158.741 94.234)
    (descr "Capacitor SMD 0805 (2012 Metric), square (rectangular) end terminal, IPC_7351 nominal with elongated pad for handsoldering. (Body size source: https://docs.google.com/spreadsheets/d/1BsfQQcO9C6DZCsRaXUlFlo91Tg2WpOkGARC1WS5S8t0/edit?usp=sharing), generated with kicad-footprint-generator")
    (tags "capacitor handsolder")
    (path /5BC12037/5BC2F1C2)
    (attr smd)
    (fp_text reference C7 (at 2.91984 0.76962) (layer F.SilkS)
      (effects (font (size 1 1) (thickness 0.15)))
    )
    (fp_text value "470 µF" (at 2.484 1.704) (layer F.Fab)
      (effects (font (size 1 1) (thickness 0.15)))
    )
    (fp_line (start -1 0.6) (end -1 -0.6) (layer F.Fab) (width 0.1))
    (fp_line (start -1 -0.6) (end 1 -0.6) (layer F.Fab) (width 0.1))
    (fp_line (start 1 -0.6) (end 1 0.6) (layer F.Fab) (width 0.1))
    (fp_line (start 1 0.6) (end -1 0.6) (layer F.Fab) (width 0.1))
    (fp_line (start -0.261252 -0.71) (end 0.261252 -0.71) (layer F.SilkS) (width 0.12))
    (fp_line (start -0.261252 0.71) (end 0.261252 0.71) (layer F.SilkS) (width 0.12))
    (fp_line (start -1.85 0.95) (end -1.85 -0.95) (layer F.CrtYd) (width 0.05))
    (fp_line (start -1.85 -0.95) (end 1.85 -0.95) (layer F.CrtYd) (width 0.05))
    (fp_line (start 1.85 -0.95) (end 1.85 0.95) (layer F.CrtYd) (width 0.05))
    (fp_line (start 1.85 0.95) (end -1.85 0.95) (layer F.CrtYd) (width 0.05))
    (fp_text user %R (at 0 0) (layer F.Fab)
      (effects (font (size 0.5 0.5) (thickness 0.08)))
    )
    (pad 1 smd roundrect (at -1.025 0) (size 1.15 1.4) (layers F.Cu F.Paste F.Mask) (roundrect_rratio 0.217391)
      (net 11 VCC))
    (pad 2 smd roundrect (at 1.025 0) (size 1.15 1.4) (layers F.Cu F.Paste F.Mask) (roundrect_rratio 0.217391)
      (net 2 GND))
    (model ${KISYS3DMOD}/Capacitor_SMD.3dshapes/C_0805_2012Metric.wrl
      (at (xyz 0 0 0))
      (scale (xyz 1 1 1))
      (rotate (xyz 0 0 0))
    )
  )

  (module Capacitor_SMD:C_0805_2012Metric_Pad1.15x1.40mm_HandSolder (layer F.Cu) (tedit 5B36C52B) (tstamp 5BD3EC18)
    (at 159.267 90.424)
    (descr "Capacitor SMD 0805 (2012 Metric), square (rectangular) end terminal, IPC_7351 nominal with elongated pad for handsoldering. (Body size source: https://docs.google.com/spreadsheets/d/1BsfQQcO9C6DZCsRaXUlFlo91Tg2WpOkGARC1WS5S8t0/edit?usp=sharing), generated with kicad-footprint-generator")
    (tags "capacitor handsolder")
    (path /5BC12037/5BC26B05)
    (attr smd)
    (fp_text reference C6 (at -0.767 -1.65) (layer F.SilkS)
      (effects (font (size 1 1) (thickness 0.15)))
    )
    (fp_text value "1 µF" (at 0 1.65) (layer F.Fab)
      (effects (font (size 1 1) (thickness 0.15)))
    )
    (fp_text user %R (at 0 0) (layer F.Fab)
      (effects (font (size 0.5 0.5) (thickness 0.08)))
    )
    (fp_line (start 1.85 0.95) (end -1.85 0.95) (layer F.CrtYd) (width 0.05))
    (fp_line (start 1.85 -0.95) (end 1.85 0.95) (layer F.CrtYd) (width 0.05))
    (fp_line (start -1.85 -0.95) (end 1.85 -0.95) (layer F.CrtYd) (width 0.05))
    (fp_line (start -1.85 0.95) (end -1.85 -0.95) (layer F.CrtYd) (width 0.05))
    (fp_line (start -0.261252 0.71) (end 0.261252 0.71) (layer F.SilkS) (width 0.12))
    (fp_line (start -0.261252 -0.71) (end 0.261252 -0.71) (layer F.SilkS) (width 0.12))
    (fp_line (start 1 0.6) (end -1 0.6) (layer F.Fab) (width 0.1))
    (fp_line (start 1 -0.6) (end 1 0.6) (layer F.Fab) (width 0.1))
    (fp_line (start -1 -0.6) (end 1 -0.6) (layer F.Fab) (width 0.1))
    (fp_line (start -1 0.6) (end -1 -0.6) (layer F.Fab) (width 0.1))
    (pad 2 smd roundrect (at 1.025 0) (size 1.15 1.4) (layers F.Cu F.Paste F.Mask) (roundrect_rratio 0.217391)
      (net 2 GND))
    (pad 1 smd roundrect (at -1.025 0) (size 1.15 1.4) (layers F.Cu F.Paste F.Mask) (roundrect_rratio 0.217391)
      (net 11 VCC))
    (model ${KISYS3DMOD}/Capacitor_SMD.3dshapes/C_0805_2012Metric.wrl
      (at (xyz 0 0 0))
      (scale (xyz 1 1 1))
      (rotate (xyz 0 0 0))
    )
  )

  (module Capacitor_SMD:C_0805_2012Metric_Pad1.15x1.40mm_HandSolder (layer F.Cu) (tedit 5B36C52B) (tstamp 5BCEFBCB)
    (at 153.67 96.774 180)
    (descr "Capacitor SMD 0805 (2012 Metric), square (rectangular) end terminal, IPC_7351 nominal with elongated pad for handsoldering. (Body size source: https://docs.google.com/spreadsheets/d/1BsfQQcO9C6DZCsRaXUlFlo91Tg2WpOkGARC1WS5S8t0/edit?usp=sharing), generated with kicad-footprint-generator")
    (tags "capacitor handsolder")
    (path /5BC12037/5BC292F0)
    (attr smd)
    (fp_text reference C5 (at 0.1524 -1.59004 180) (layer F.SilkS)
      (effects (font (size 1 1) (thickness 0.15)))
    )
    (fp_text value 3.3nf (at 0 1.65 180) (layer F.Fab)
      (effects (font (size 1 1) (thickness 0.15)))
    )
    (fp_line (start -1 0.6) (end -1 -0.6) (layer F.Fab) (width 0.1))
    (fp_line (start -1 -0.6) (end 1 -0.6) (layer F.Fab) (width 0.1))
    (fp_line (start 1 -0.6) (end 1 0.6) (layer F.Fab) (width 0.1))
    (fp_line (start 1 0.6) (end -1 0.6) (layer F.Fab) (width 0.1))
    (fp_line (start -0.261252 -0.71) (end 0.261252 -0.71) (layer F.SilkS) (width 0.12))
    (fp_line (start -0.261252 0.71) (end 0.261252 0.71) (layer F.SilkS) (width 0.12))
    (fp_line (start -1.85 0.95) (end -1.85 -0.95) (layer F.CrtYd) (width 0.05))
    (fp_line (start -1.85 -0.95) (end 1.85 -0.95) (layer F.CrtYd) (width 0.05))
    (fp_line (start 1.85 -0.95) (end 1.85 0.95) (layer F.CrtYd) (width 0.05))
    (fp_line (start 1.85 0.95) (end -1.85 0.95) (layer F.CrtYd) (width 0.05))
    (fp_text user %R (at 0 0 180) (layer F.Fab)
      (effects (font (size 0.5 0.5) (thickness 0.08)))
    )
    (pad 1 smd roundrect (at -1.025 0 180) (size 1.15 1.4) (layers F.Cu F.Paste F.Mask) (roundrect_rratio 0.217391)
      (net 2 GND))
    (pad 2 smd roundrect (at 1.025 0 180) (size 1.15 1.4) (layers F.Cu F.Paste F.Mask) (roundrect_rratio 0.217391)
      (net 10 "Net-(C5-Pad2)"))
    (model ${KISYS3DMOD}/Capacitor_SMD.3dshapes/C_0805_2012Metric.wrl
      (at (xyz 0 0 0))
      (scale (xyz 1 1 1))
      (rotate (xyz 0 0 0))
    )
  )

  (module Capacitor_SMD:C_0805_2012Metric_Pad1.15x1.40mm_HandSolder (layer F.Cu) (tedit 5B36C52B) (tstamp 5BCEFBBA)
    (at 148.844 85.589 90)
    (descr "Capacitor SMD 0805 (2012 Metric), square (rectangular) end terminal, IPC_7351 nominal with elongated pad for handsoldering. (Body size source: https://docs.google.com/spreadsheets/d/1BsfQQcO9C6DZCsRaXUlFlo91Tg2WpOkGARC1WS5S8t0/edit?usp=sharing), generated with kicad-footprint-generator")
    (tags "capacitor handsolder")
    (path /5BC12037/5BC120D2)
    (attr smd)
    (fp_text reference C4 (at 2.785 0 180) (layer F.SilkS)
      (effects (font (size 1 1) (thickness 0.15)))
    )
    (fp_text value "470 µF" (at 0 1.65 90) (layer F.Fab)
      (effects (font (size 1 1) (thickness 0.15)))
    )
    (fp_text user %R (at 0 0 90) (layer F.Fab)
      (effects (font (size 0.5 0.5) (thickness 0.08)))
    )
    (fp_line (start 1.85 0.95) (end -1.85 0.95) (layer F.CrtYd) (width 0.05))
    (fp_line (start 1.85 -0.95) (end 1.85 0.95) (layer F.CrtYd) (width 0.05))
    (fp_line (start -1.85 -0.95) (end 1.85 -0.95) (layer F.CrtYd) (width 0.05))
    (fp_line (start -1.85 0.95) (end -1.85 -0.95) (layer F.CrtYd) (width 0.05))
    (fp_line (start -0.261252 0.71) (end 0.261252 0.71) (layer F.SilkS) (width 0.12))
    (fp_line (start -0.261252 -0.71) (end 0.261252 -0.71) (layer F.SilkS) (width 0.12))
    (fp_line (start 1 0.6) (end -1 0.6) (layer F.Fab) (width 0.1))
    (fp_line (start 1 -0.6) (end 1 0.6) (layer F.Fab) (width 0.1))
    (fp_line (start -1 -0.6) (end 1 -0.6) (layer F.Fab) (width 0.1))
    (fp_line (start -1 0.6) (end -1 -0.6) (layer F.Fab) (width 0.1))
    (pad 2 smd roundrect (at 1.025 0 90) (size 1.15 1.4) (layers F.Cu F.Paste F.Mask) (roundrect_rratio 0.217391)
      (net 2 GND))
    (pad 1 smd roundrect (at -1.025 0 90) (size 1.15 1.4) (layers F.Cu F.Paste F.Mask) (roundrect_rratio 0.217391)
      (net 3 +5V))
    (model ${KISYS3DMOD}/Capacitor_SMD.3dshapes/C_0805_2012Metric.wrl
      (at (xyz 0 0 0))
      (scale (xyz 1 1 1))
      (rotate (xyz 0 0 0))
    )
  )

  (module Capacitor_SMD:C_0805_2012Metric_Pad1.15x1.40mm_HandSolder (layer F.Cu) (tedit 5B36C52B) (tstamp 5BD3E48A)
    (at 149.343 96.774 180)
    (descr "Capacitor SMD 0805 (2012 Metric), square (rectangular) end terminal, IPC_7351 nominal with elongated pad for handsoldering. (Body size source: https://docs.google.com/spreadsheets/d/1BsfQQcO9C6DZCsRaXUlFlo91Tg2WpOkGARC1WS5S8t0/edit?usp=sharing), generated with kicad-footprint-generator")
    (tags "capacitor handsolder")
    (path /5BC12037/5BC2913B)
    (attr smd)
    (fp_text reference C3 (at 2.82056 -0.40894 180) (layer F.SilkS)
      (effects (font (size 1 1) (thickness 0.15)))
    )
    (fp_text value 3.3nf (at 0 1.65 180) (layer F.Fab)
      (effects (font (size 1 1) (thickness 0.15)))
    )
    (fp_line (start -1 0.6) (end -1 -0.6) (layer F.Fab) (width 0.1))
    (fp_line (start -1 -0.6) (end 1 -0.6) (layer F.Fab) (width 0.1))
    (fp_line (start 1 -0.6) (end 1 0.6) (layer F.Fab) (width 0.1))
    (fp_line (start 1 0.6) (end -1 0.6) (layer F.Fab) (width 0.1))
    (fp_line (start -0.261252 -0.71) (end 0.261252 -0.71) (layer F.SilkS) (width 0.12))
    (fp_line (start -0.261252 0.71) (end 0.261252 0.71) (layer F.SilkS) (width 0.12))
    (fp_line (start -1.85 0.95) (end -1.85 -0.95) (layer F.CrtYd) (width 0.05))
    (fp_line (start -1.85 -0.95) (end 1.85 -0.95) (layer F.CrtYd) (width 0.05))
    (fp_line (start 1.85 -0.95) (end 1.85 0.95) (layer F.CrtYd) (width 0.05))
    (fp_line (start 1.85 0.95) (end -1.85 0.95) (layer F.CrtYd) (width 0.05))
    (fp_text user %R (at 0 0 180) (layer F.Fab)
      (effects (font (size 0.5 0.5) (thickness 0.08)))
    )
    (pad 1 smd roundrect (at -1.025 0 180) (size 1.15 1.4) (layers F.Cu F.Paste F.Mask) (roundrect_rratio 0.217391)
      (net 2 GND))
    (pad 2 smd roundrect (at 1.025 0 180) (size 1.15 1.4) (layers F.Cu F.Paste F.Mask) (roundrect_rratio 0.217391)
      (net 9 "Net-(C3-Pad2)"))
    (model ${KISYS3DMOD}/Capacitor_SMD.3dshapes/C_0805_2012Metric.wrl
      (at (xyz 0 0 0))
      (scale (xyz 1 1 1))
      (rotate (xyz 0 0 0))
    )
  )

  (module Capacitor_SMD:C_0805_2012Metric_Pad1.15x1.40mm_HandSolder (layer F.Cu) (tedit 5B36C52B) (tstamp 5BCEFB98)
    (at 151.892 85.607 90)
    (descr "Capacitor SMD 0805 (2012 Metric), square (rectangular) end terminal, IPC_7351 nominal with elongated pad for handsoldering. (Body size source: https://docs.google.com/spreadsheets/d/1BsfQQcO9C6DZCsRaXUlFlo91Tg2WpOkGARC1WS5S8t0/edit?usp=sharing), generated with kicad-footprint-generator")
    (tags "capacitor handsolder")
    (path /5BC12037/5BC123C9)
    (attr smd)
    (fp_text reference C2 (at 2.803 -0.254 180) (layer F.SilkS)
      (effects (font (size 1 1) (thickness 0.15)))
    )
    (fp_text value "1 µF" (at 0.3 1.6 90) (layer F.Fab)
      (effects (font (size 1 1) (thickness 0.15)))
    )
    (fp_text user %R (at 0 0 90) (layer F.Fab)
      (effects (font (size 0.5 0.5) (thickness 0.08)))
    )
    (fp_line (start 1.85 0.95) (end -1.85 0.95) (layer F.CrtYd) (width 0.05))
    (fp_line (start 1.85 -0.95) (end 1.85 0.95) (layer F.CrtYd) (width 0.05))
    (fp_line (start -1.85 -0.95) (end 1.85 -0.95) (layer F.CrtYd) (width 0.05))
    (fp_line (start -1.85 0.95) (end -1.85 -0.95) (layer F.CrtYd) (width 0.05))
    (fp_line (start -0.261252 0.71) (end 0.261252 0.71) (layer F.SilkS) (width 0.12))
    (fp_line (start -0.261252 -0.71) (end 0.261252 -0.71) (layer F.SilkS) (width 0.12))
    (fp_line (start 1 0.6) (end -1 0.6) (layer F.Fab) (width 0.1))
    (fp_line (start 1 -0.6) (end 1 0.6) (layer F.Fab) (width 0.1))
    (fp_line (start -1 -0.6) (end 1 -0.6) (layer F.Fab) (width 0.1))
    (fp_line (start -1 0.6) (end -1 -0.6) (layer F.Fab) (width 0.1))
    (pad 2 smd roundrect (at 1.025 0 90) (size 1.15 1.4) (layers F.Cu F.Paste F.Mask) (roundrect_rratio 0.217391)
      (net 2 GND))
    (pad 1 smd roundrect (at -1.025 0 90) (size 1.15 1.4) (layers F.Cu F.Paste F.Mask) (roundrect_rratio 0.217391)
      (net 3 +5V))
    (model ${KISYS3DMOD}/Capacitor_SMD.3dshapes/C_0805_2012Metric.wrl
      (at (xyz 0 0 0))
      (scale (xyz 1 1 1))
      (rotate (xyz 0 0 0))
    )
  )

  (module Capacitor_SMD:C_0805_2012Metric_Pad1.15x1.40mm_HandSolder (layer F.Cu) (tedit 5B36C52B) (tstamp 5BD3E7D9)
    (at 158.759 96.774 180)
    (descr "Capacitor SMD 0805 (2012 Metric), square (rectangular) end terminal, IPC_7351 nominal with elongated pad for handsoldering. (Body size source: https://docs.google.com/spreadsheets/d/1BsfQQcO9C6DZCsRaXUlFlo91Tg2WpOkGARC1WS5S8t0/edit?usp=sharing), generated with kicad-footprint-generator")
    (tags "capacitor handsolder")
    (path /5BC12037/5BC2906F)
    (attr smd)
    (fp_text reference C1 (at -2.803 0) (layer F.SilkS)
      (effects (font (size 1 1) (thickness 0.15)))
    )
    (fp_text value 3.3nf (at 0 1.65 180) (layer F.Fab)
      (effects (font (size 1 1) (thickness 0.15)))
    )
    (fp_line (start -1 0.6) (end -1 -0.6) (layer F.Fab) (width 0.1))
    (fp_line (start -1 -0.6) (end 1 -0.6) (layer F.Fab) (width 0.1))
    (fp_line (start 1 -0.6) (end 1 0.6) (layer F.Fab) (width 0.1))
    (fp_line (start 1 0.6) (end -1 0.6) (layer F.Fab) (width 0.1))
    (fp_line (start -0.261252 -0.71) (end 0.261252 -0.71) (layer F.SilkS) (width 0.12))
    (fp_line (start -0.261252 0.71) (end 0.261252 0.71) (layer F.SilkS) (width 0.12))
    (fp_line (start -1.85 0.95) (end -1.85 -0.95) (layer F.CrtYd) (width 0.05))
    (fp_line (start -1.85 -0.95) (end 1.85 -0.95) (layer F.CrtYd) (width 0.05))
    (fp_line (start 1.85 -0.95) (end 1.85 0.95) (layer F.CrtYd) (width 0.05))
    (fp_line (start 1.85 0.95) (end -1.85 0.95) (layer F.CrtYd) (width 0.05))
    (fp_text user %R (at 0 0 180) (layer F.Fab)
      (effects (font (size 0.5 0.5) (thickness 0.08)))
    )
    (pad 1 smd roundrect (at -1.025 0 180) (size 1.15 1.4) (layers F.Cu F.Paste F.Mask) (roundrect_rratio 0.217391)
      (net 2 GND))
    (pad 2 smd roundrect (at 1.025 0 180) (size 1.15 1.4) (layers F.Cu F.Paste F.Mask) (roundrect_rratio 0.217391)
      (net 8 "Net-(C1-Pad2)"))
    (model ${KISYS3DMOD}/Capacitor_SMD.3dshapes/C_0805_2012Metric.wrl
      (at (xyz 0 0 0))
      (scale (xyz 1 1 1))
      (rotate (xyz 0 0 0))
    )
  )

  (module LED_SMD:LED_0805_2012Metric_Pad1.15x1.40mm_HandSolder (layer F.Cu) (tedit 5B4B45C9) (tstamp 5BCEFB46)
    (at 162.306 91.431 90)
    (descr "LED SMD 0805 (2012 Metric), square (rectangular) end terminal, IPC_7351 nominal, (Body size source: https://docs.google.com/spreadsheets/d/1BsfQQcO9C6DZCsRaXUlFlo91Tg2WpOkGARC1WS5S8t0/edit?usp=sharing), generated with kicad-footprint-generator")
    (tags "LED handsolder")
    (path /5BC12037/5BC2963F)
    (attr smd)
    (fp_text reference D1 (at 2.431 0.694 180) (layer F.SilkS)
      (effects (font (size 1 1) (thickness 0.15)))
    )
    (fp_text value LED (at 0.912 1.65 90) (layer F.Fab)
      (effects (font (size 1 1) (thickness 0.15)))
    )
    (fp_line (start 1 -0.6) (end -0.7 -0.6) (layer F.Fab) (width 0.1))
    (fp_line (start -0.7 -0.6) (end -1 -0.3) (layer F.Fab) (width 0.1))
    (fp_line (start -1 -0.3) (end -1 0.6) (layer F.Fab) (width 0.1))
    (fp_line (start -1 0.6) (end 1 0.6) (layer F.Fab) (width 0.1))
    (fp_line (start 1 0.6) (end 1 -0.6) (layer F.Fab) (width 0.1))
    (fp_line (start 1 -0.96) (end -1.86 -0.96) (layer F.SilkS) (width 0.12))
    (fp_line (start -1.86 -0.96) (end -1.86 0.96) (layer F.SilkS) (width 0.12))
    (fp_line (start -1.86 0.96) (end 1 0.96) (layer F.SilkS) (width 0.12))
    (fp_line (start -1.85 0.95) (end -1.85 -0.95) (layer F.CrtYd) (width 0.05))
    (fp_line (start -1.85 -0.95) (end 1.85 -0.95) (layer F.CrtYd) (width 0.05))
    (fp_line (start 1.85 -0.95) (end 1.85 0.95) (layer F.CrtYd) (width 0.05))
    (fp_line (start 1.85 0.95) (end -1.85 0.95) (layer F.CrtYd) (width 0.05))
    (fp_text user %R (at 0 0 90) (layer F.Fab)
      (effects (font (size 0.5 0.5) (thickness 0.08)))
    )
    (pad 1 smd roundrect (at -1.025 0 90) (size 1.15 1.4) (layers F.Cu F.Paste F.Mask) (roundrect_rratio 0.217391)
      (net 2 GND))
    (pad 2 smd roundrect (at 1.025 0 90) (size 1.15 1.4) (layers F.Cu F.Paste F.Mask) (roundrect_rratio 0.217391)
      (net 1 "Net-(D1-Pad2)"))
    (model ${KISYS3DMOD}/LED_SMD.3dshapes/LED_0805_2012Metric.wrl
      (at (xyz 0 0 0))
      (scale (xyz 1 1 1))
      (rotate (xyz 0 0 0))
    )
  )

  (module Package_TO_SOT_SMD:SOT-23-5_HandSoldering (layer F.Cu) (tedit 5A0AB76C) (tstamp 5BCEFB11)
    (at 157.052 85.532)
    (descr "5-pin SOT23 package")
    (tags "SOT-23-5 hand-soldering")
    (path /5BC12037/5BC26997)
    (attr smd)
    (fp_text reference U1 (at 0 -2.474) (layer F.SilkS)
      (effects (font (size 1 1) (thickness 0.15)))
    )
    (fp_text value RT9161 (at 0.218 2.64) (layer F.Fab)
      (effects (font (size 1 1) (thickness 0.15)))
    )
    (fp_text user %R (at 0 0 90) (layer F.Fab)
      (effects (font (size 0.5 0.5) (thickness 0.075)))
    )
    (fp_line (start -0.9 1.61) (end 0.9 1.61) (layer F.SilkS) (width 0.12))
    (fp_line (start 0.9 -1.61) (end -1.55 -1.61) (layer F.SilkS) (width 0.12))
    (fp_line (start -0.9 -0.9) (end -0.25 -1.55) (layer F.Fab) (width 0.1))
    (fp_line (start 0.9 -1.55) (end -0.25 -1.55) (layer F.Fab) (width 0.1))
    (fp_line (start -0.9 -0.9) (end -0.9 1.55) (layer F.Fab) (width 0.1))
    (fp_line (start 0.9 1.55) (end -0.9 1.55) (layer F.Fab) (width 0.1))
    (fp_line (start 0.9 -1.55) (end 0.9 1.55) (layer F.Fab) (width 0.1))
    (fp_line (start -2.38 -1.8) (end 2.38 -1.8) (layer F.CrtYd) (width 0.05))
    (fp_line (start -2.38 -1.8) (end -2.38 1.8) (layer F.CrtYd) (width 0.05))
    (fp_line (start 2.38 1.8) (end 2.38 -1.8) (layer F.CrtYd) (width 0.05))
    (fp_line (start 2.38 1.8) (end -2.38 1.8) (layer F.CrtYd) (width 0.05))
    (pad 1 smd rect (at -1.35 -0.95) (size 1.56 0.65) (layers F.Cu F.Paste F.Mask)
      (net 11 VCC))
    (pad 2 smd rect (at -1.35 0) (size 1.56 0.65) (layers F.Cu F.Paste F.Mask)
      (net 2 GND))
    (pad 3 smd rect (at -1.35 0.95) (size 1.56 0.65) (layers F.Cu F.Paste F.Mask)
      (net 3 +5V))
    (pad 4 smd rect (at 1.35 0.95) (size 1.56 0.65) (layers F.Cu F.Paste F.Mask)
      (net 3 +5V))
    (pad 5 smd rect (at 1.35 -0.95) (size 1.56 0.65) (layers F.Cu F.Paste F.Mask)
      (net 11 VCC))
    (model ${KISYS3DMOD}/Package_TO_SOT_SMD.3dshapes/SOT-23-5.wrl
      (at (xyz 0 0 0))
      (scale (xyz 1 1 1))
      (rotate (xyz 0 0 0))
    )
  )

  (module Resistor_SMD:R_0805_2012Metric_Pad1.15x1.40mm_HandSolder (layer F.Cu) (tedit 5B36C52B) (tstamp 5BCEFAFC)
    (at 161.544 85.861 90)
    (descr "Resistor SMD 0805 (2012 Metric), square (rectangular) end terminal, IPC_7351 nominal with elongated pad for handsoldering. (Body size source: https://docs.google.com/spreadsheets/d/1BsfQQcO9C6DZCsRaXUlFlo91Tg2WpOkGARC1WS5S8t0/edit?usp=sharing), generated with kicad-footprint-generator")
    (tags "resistor handsolder")
    (path /5BC12037/5BC2A087)
    (attr smd)
    (fp_text reference R1 (at 2.549 0.254 180) (layer F.SilkS)
      (effects (font (size 1 1) (thickness 0.15)))
    )
    (fp_text value "1 K" (at 0.603 1.65 90) (layer F.Fab)
      (effects (font (size 1 1) (thickness 0.15)))
    )
    (fp_line (start -1 0.6) (end -1 -0.6) (layer F.Fab) (width 0.1))
    (fp_line (start -1 -0.6) (end 1 -0.6) (layer F.Fab) (width 0.1))
    (fp_line (start 1 -0.6) (end 1 0.6) (layer F.Fab) (width 0.1))
    (fp_line (start 1 0.6) (end -1 0.6) (layer F.Fab) (width 0.1))
    (fp_line (start -0.261252 -0.71) (end 0.261252 -0.71) (layer F.SilkS) (width 0.12))
    (fp_line (start -0.261252 0.71) (end 0.261252 0.71) (layer F.SilkS) (width 0.12))
    (fp_line (start -1.85 0.95) (end -1.85 -0.95) (layer F.CrtYd) (width 0.05))
    (fp_line (start -1.85 -0.95) (end 1.85 -0.95) (layer F.CrtYd) (width 0.05))
    (fp_line (start 1.85 -0.95) (end 1.85 0.95) (layer F.CrtYd) (width 0.05))
    (fp_line (start 1.85 0.95) (end -1.85 0.95) (layer F.CrtYd) (width 0.05))
    (fp_text user %R (at 0 0 90) (layer F.Fab)
      (effects (font (size 0.5 0.5) (thickness 0.08)))
    )
    (pad 1 smd roundrect (at -1.025 0 90) (size 1.15 1.4) (layers F.Cu F.Paste F.Mask) (roundrect_rratio 0.217391)
      (net 1 "Net-(D1-Pad2)"))
    (pad 2 smd roundrect (at 1.025 0 90) (size 1.15 1.4) (layers F.Cu F.Paste F.Mask) (roundrect_rratio 0.217391)
      (net 11 VCC))
    (model ${KISYS3DMOD}/Resistor_SMD.3dshapes/R_0805_2012Metric.wrl
      (at (xyz 0 0 0))
      (scale (xyz 1 1 1))
      (rotate (xyz 0 0 0))
    )
  )

  (gr_text "IND. ARG" (at 145 86 90) (layer B.Cu)
    (effects (font (size 1.2 1.2) (thickness 0.25)) (justify mirror))
  )
  (gr_text 2018 (at 147 85 90) (layer F.Cu)
    (effects (font (size 1 1) (thickness 0.25)))
  )
  (gr_text 2 (at 147.5 80) (layer B.Cu)
    (effects (font (size 1 1) (thickness 0.25)))
  )
  (gr_text "[1 ]" (at 147 80) (layer F.Cu)
    (effects (font (size 1 1) (thickness 0.25)))
  )
  (gr_text "MMA\n7361" (at 160 81) (layer F.SilkS)
    (effects (font (size 1 1) (thickness 0.2)))
  )
  (gr_line (start 142.494 98.806) (end 142.494 78.486) (layer Edge.Cuts) (width 0.1))
  (gr_line (start 164.846 98.806) (end 142.494 98.806) (layer Edge.Cuts) (width 0.1))
  (gr_line (start 164.846 78.486) (end 164.846 98.806) (layer Edge.Cuts) (width 0.1))
  (gr_line (start 142.494 78.486) (end 164.846 78.486) (layer Edge.Cuts) (width 0.1))

  (segment (start 161.544 89.644) (end 162.306 90.406) (width 0.5) (layer F.Cu) (net 1))
  (segment (start 161.544 86.886) (end 161.544 89.644) (width 0.5) (layer F.Cu) (net 1))
  (segment (start 152.842 85.532) (end 151.892 84.582) (width 0.5) (layer F.Cu) (net 2))
  (segment (start 155.702 85.532) (end 152.842 85.532) (width 0.5) (layer F.Cu) (net 2))
  (segment (start 160.528 94.234) (end 162.306 92.456) (width 0.5) (layer F.Cu) (net 2))
  (segment (start 159.766 94.234) (end 160.528 94.234) (width 0.5) (layer F.Cu) (net 2))
  (segment (start 159.766 94.019678) (end 159.766 91.224) (width 0.5) (layer F.Cu) (net 2))
  (segment (start 158.351668 95.43401) (end 159.766 94.019678) (width 0.5) (layer F.Cu) (net 2))
  (segment (start 159.766 91.224) (end 159.766 90.424) (width 0.5) (layer F.Cu) (net 2))
  (segment (start 158.56599 95.43401) (end 158.351668 95.43401) (width 0.5) (layer F.Cu) (net 2))
  (segment (start 159.766 94.234) (end 158.56599 95.43401) (width 0.5) (layer F.Cu) (net 2))
  (segment (start 158.56599 95.43401) (end 157.080332 95.43401) (width 0.5) (layer F.Cu) (net 2))
  (segment (start 155.912 94.265678) (end 155.912 93.194) (width 0.5) (layer F.Cu) (net 2))
  (segment (start 157.080332 95.43401) (end 155.912 94.265678) (width 0.5) (layer F.Cu) (net 2))
  (segment (start 147.92104 91.472) (end 147.32 91.472) (width 0.5) (layer F.Cu) (net 2))
  (segment (start 148.245001 91.795961) (end 147.92104 91.472) (width 0.5) (layer F.Cu) (net 2))
  (segment (start 150.368 95.974) (end 148.245001 93.851001) (width 0.5) (layer F.Cu) (net 2))
  (segment (start 148.245001 93.851001) (end 148.245001 91.795961) (width 0.5) (layer F.Cu) (net 2))
  (segment (start 150.368 96.774) (end 150.368 95.974) (width 0.5) (layer F.Cu) (net 2))
  (segment (start 159.160628 97.397372) (end 159.784 96.774) (width 0.5) (layer F.Cu) (net 2))
  (segment (start 158.58399 97.97401) (end 159.160628 97.397372) (width 0.5) (layer F.Cu) (net 2))
  (segment (start 155.89501 97.97401) (end 158.58399 97.97401) (width 0.5) (layer F.Cu) (net 2))
  (segment (start 154.695 96.774) (end 155.89501 97.97401) (width 0.5) (layer F.Cu) (net 2))
  (segment (start 153.702 80.772) (end 154.702 80.772) (width 0.5) (layer F.Cu) (net 2))
  (segment (start 158.402 86.482) (end 155.702 86.482) (width 0.5) (layer F.Cu) (net 3))
  (segment (start 148.862 86.632) (end 148.844 86.614) (width 0.5) (layer F.Cu) (net 3))
  (segment (start 151.892 86.632) (end 148.862 86.632) (width 0.5) (layer F.Cu) (net 3))
  (segment (start 155.552 86.632) (end 155.702 86.482) (width 0.5) (layer F.Cu) (net 3))
  (segment (start 151.892 86.632) (end 155.552 86.632) (width 0.5) (layer F.Cu) (net 3))
  (segment (start 151.702 81.598) (end 153.67 83.566) (width 0.5) (layer F.Cu) (net 4))
  (via (at 153.67 83.566) (size 1) (drill 0.5) (layers F.Cu B.Cu) (net 4))
  (segment (start 151.702 80.772) (end 151.702 81.598) (width 0.5) (layer F.Cu) (net 4))
  (via (at 154.599823 87.821884) (size 1) (drill 0.5) (layers F.Cu B.Cu) (net 4))
  (segment (start 153.67 86.892061) (end 154.599823 87.821884) (width 0.5) (layer B.Cu) (net 4))
  (segment (start 153.67 83.566) (end 153.67 86.892061) (width 0.5) (layer B.Cu) (net 4))
  (segment (start 154.599823 88.881823) (end 154.662 88.944) (width 0.5) (layer F.Cu) (net 4))
  (segment (start 154.599823 87.821884) (end 154.599823 88.881823) (width 0.5) (layer F.Cu) (net 4))
  (segment (start 146.394999 90.148039) (end 146.394999 88.301001) (width 0.5) (layer F.Cu) (net 5))
  (segment (start 146.71896 90.472) (end 146.394999 90.148039) (width 0.5) (layer F.Cu) (net 5))
  (segment (start 147.32 90.472) (end 146.71896 90.472) (width 0.5) (layer F.Cu) (net 5))
  (segment (start 153.662 88.169) (end 153.662 88.944) (width 0.5) (layer F.Cu) (net 5))
